A = [1, 2; 3, 4];

%(1)
A(3,3) = 0

%(2)
A(3,:) = [1,3,5]

%(3)
a2 = A(2)
a32 = A(3,2)